function pulse=PulseCreateOded180SLR(maxB1, tp)
% For B1 = 1.6 kHz, and duration of 10.24 ms, this excites 5.104 kHz, i.e.
% 12 cm for 1 mT/m.
%
% Alternatively, for B1 = 1.04 kHz, duration of 15.36 ms, this will excite
% 12 cm for 0.64 mT/m.
%
% Don't forget to put crushers on both sides!

pulseVector = [
 0.017057    1.570796  
 0.024672    1.570796  
 0.031747    1.570796  
 0.037706    1.570796  
 0.041823    1.570796  
 0.043409    1.570796  
 0.042069    1.570796  
 0.037563    1.570796  
 0.029985    1.570796  
 0.019596    1.570796  
 0.007005    1.570796  
 0.007052   -1.570796  
 0.021652   -1.570796  
 0.035834   -1.570796  
 0.048667   -1.570796  
 0.059291   -1.570796  
 0.067099   -1.570796  
 0.071642   -1.570796  
 0.072839   -1.570796  
 0.070785   -1.570796  
 0.065933   -1.570796  
 0.058872   -1.570796  
 0.050369   -1.570796  
 0.041232   -1.570796  
 0.032226   -1.570796  
 0.024048   -1.570796  
 0.017131   -1.570796  
 0.011762   -1.570796  
 0.007885   -1.570796  
 0.005279   -1.570796  
 0.003431   -1.570796  
 0.001718   -1.570796  
 0.000574    1.570796  
 0.004163    1.570796  
 0.009626    1.570796  
 0.017427    1.570796  
 0.027682    1.570796  
 0.040320    1.570796  
 0.054858    1.570796  
 0.070620    1.570796  
 0.086592    1.570796  
 0.101633    1.570796  
 0.114491    1.570796  
 0.123904    1.570796  
 0.128758    1.570796  
 0.128058    1.570796  
 0.121193    1.570796  
 0.107764    1.570796  
 0.087856    1.570796  
 0.061794    1.570796  
 0.030363    1.570796  
 0.005441   -1.570796  
 0.044302   -1.570796  
 0.084765   -1.570796  
 0.125202   -1.570796  
 0.163924   -1.570796  
 0.199230   -1.570796  
 0.229435   -1.570796  
 0.252978   -1.570796  
 0.268385   -1.570796  
 0.274455   -1.570796  
 0.270150   -1.570796  
 0.254823   -1.570796  
 0.228043   -1.570796  
 0.189864   -1.570796  
 0.140599   -1.570796  
 0.081089   -1.570796  
 0.012459   -1.570796  
 0.063566    1.570796  
 0.144939    1.570796  
 0.228957    1.570796  
 0.312577    1.570796  
 0.392167    1.570796  
 0.463865    1.570796  
 0.523713    1.570796  
 0.567860    1.570796  
 0.593295    1.570796  
 0.597605    1.570796  
 0.580073    1.570796  
 0.540908    1.570796  
 0.482036    1.570796  
 0.406199    1.570796  
 0.317083    1.570796  
 0.218750    1.570796  
 0.115296    1.570796  
 0.010752    1.570796  
 0.091362   -1.570796  
 0.187853   -1.570796  
 0.276331   -1.570796  
 0.354877   -1.570796  
 0.422515   -1.570796  
 0.478792   -1.570796  
 0.524121   -1.570796  
 0.559334   -1.570796  
 0.585643   -1.570796  
 0.604372   -1.570796  
 0.616501   -1.570796  
 0.622728   -1.570796  
 0.622862   -1.570796  
 0.616189   -1.570796  
 0.601147   -1.570796  
 0.575764   -1.570796  
 0.537880   -1.570796  
 0.485342   -1.570796  
 0.416718   -1.570796  
 0.331086   -1.570796  
 0.228924   -1.570796  
 0.111575   -1.570796  
 0.017827    1.570796  
 0.155080    1.570796  
 0.293994    1.570796  
 0.427284    1.570796  
 0.546224    1.570796  
 0.641531    1.570796  
 0.704828    1.570796  
 0.728670    1.570796  
 0.709604    1.570796  
 0.646686    1.570796  
 0.543650    1.570796  
 0.406842    1.570796  
 0.245200    1.570796  
 0.069017    1.570796  
 0.110651   -1.570796  
 0.282397   -1.570796  
 0.434953   -1.570796  
 0.557384   -1.570796  
 0.640961   -1.570796  
 0.678641   -1.570796  
 0.668318   -1.570796  
 0.610938   -1.570796  
 0.512273   -1.570796  
 0.380777   -1.570796  
 0.226797   -1.570796  
 0.061609   -1.570796  
 0.103942    1.570796  
 0.259396    1.570796  
 0.395734    1.570796  
 0.504995    1.570796  
 0.581995    1.570796  
 0.623456    1.570796  
 0.630093    1.570796  
 0.605102    1.570796  
 0.554952    1.570796  
 0.487984    1.570796  
 0.413431    1.570796  
 0.340888    1.570796  
 0.278734    1.570796  
 0.234428    1.570796  
 0.213071    1.570796  
 0.218159    1.570796  
 0.250385    1.570796  
 0.308571    1.570796  
 0.388708    1.570796  
 0.484919    1.570796  
 0.588892    1.570796  
 0.690801    1.570796  
 0.779850    1.570796  
 0.844886    1.570796  
 0.876896    1.570796  
 0.868581    1.570796  
 0.817425    1.570796  
 0.724151    1.570796  
 0.593503    1.570796  
 0.432799    1.570796  
 0.250693    1.570796  
 0.056659    1.570796  
 0.139724   -1.570796  
 0.328804   -1.570796  
 0.500869   -1.570796  
 0.646300   -1.570796  
 0.757000   -1.570796  
 0.826230   -1.570796  
 0.851713   -1.570796  
 0.834471   -1.570796  
 0.780579   -1.570796  
 0.699538   -1.570796  
 0.603036   -1.570796  
 0.504070   -1.570796  
 0.414555   -1.570796  
 0.345438   -1.570796  
 0.304775   -1.570796  
 0.298382   -1.570796  
 0.328242   -1.570796  
 0.393411   -1.570796  
 0.488559   -1.570796  
 0.605070   -1.570796  
 0.730231   -1.570796  
 0.848468   -1.570796  
 0.943211   -1.570796  
 0.997643   -1.570796  
 1.000000   -1.570796  
 0.942673   -1.570796  
 0.826052   -1.570796  
 0.656495   -1.570796  
 0.444813   -1.570796  
 0.205003   -1.570796  
 0.048130    1.570796  
 0.299195    1.570796  
 0.532221    1.570796  
 0.730923    1.570796  
 0.880747    1.570796  
 0.968903    1.570796  
 0.989842    1.570796  
 0.943946    1.570796  
 0.839418    1.570796  
 0.690433    1.570796  
 0.513009    1.570796  
 0.324285    1.570796  
 0.138577    1.570796  
 0.032239   -1.570796  
 0.179809   -1.570796  
 0.298686   -1.570796  
 0.386645   -1.570796  
 0.444107   -1.570796  
 0.474059   -1.570796  
 0.481542   -1.570796  
 0.472503   -1.570796  
 0.453509   -1.570796  
 0.429986   -1.570796  
 0.406276   -1.570796  
 0.384397   -1.570796  
 0.364340   -1.570796  
 0.343983   -1.570796  
 0.319442   -1.570796  
 0.286068   -1.570796  
 0.238671   -1.570796  
 0.173037   -1.570796  
 0.085934   -1.570796  
 0.023552    1.570796  
 0.154194    1.570796  
 0.301718    1.570796  
 0.459093    1.570796  
 0.616342    1.570796  
 0.760949    1.570796  
 0.879902    1.570796  
 0.960043    1.570796  
 0.992579    1.570796  
 0.972999    1.570796  
 0.903560    1.570796  
 0.792751    1.570796  
 0.652846    1.570796  
 0.499366    1.570796  
 0.347280    1.570796  
 0.210796    1.570796  
 0.101338    1.570796  
 0.027573    1.570796  
 0.005561   -1.570796  
 0.003268    1.570796  
 0.051509    1.570796  
 0.132901    1.570796  
 0.238267    1.570796  
 0.355713    1.570796  
 0.472369    1.570796  
 0.574602    1.570796  
 0.650721    1.570796  
 0.691192    1.570796  
 0.691192    1.570796  
 0.650727    1.570796  
 0.574606    1.570796  
 0.472375    1.570796  
 0.355716    1.570796  
 0.238270    1.570796  
 0.132906    1.570796  
 0.051514    1.570796  
 0.003273    1.570796  
 0.005557   -1.570796  
 0.027575    1.570796  
 0.101339    1.570796  
 0.210799    1.570796  
 0.347282    1.570796  
 0.499366    1.570796  
 0.652839    1.570796  
 0.792738    1.570796  
 0.903548    1.570796  
 0.972993    1.570796  
 0.992579    1.570796  
 0.960037    1.570796  
 0.879896    1.570796  
 0.760949    1.570796  
 0.616342    1.570796  
 0.459091    1.570796  
 0.301717    1.570796  
 0.154194    1.570796  
 0.023552    1.570796  
 0.085937   -1.570796  
 0.173040   -1.570796  
 0.238673   -1.570796  
 0.286069   -1.570796  
 0.319444   -1.570796  
 0.343986   -1.570796  
 0.364342   -1.570796  
 0.384398   -1.570796  
 0.406278   -1.570796  
 0.429986   -1.570796  
 0.453509   -1.570796  
 0.472503   -1.570796  
 0.481542   -1.570796  
 0.474059   -1.570796  
 0.444107   -1.570796  
 0.386646   -1.570796  
 0.298685   -1.570796  
 0.179808   -1.570796  
 0.032240   -1.570796  
 0.138576    1.570796  
 0.324284    1.570796  
 0.513008    1.570796  
 0.690427    1.570796  
 0.839418    1.570796  
 0.943952    1.570796  
 0.989848    1.570796  
 0.968909    1.570796  
 0.880753    1.570796  
 0.730929    1.570796  
 0.532224    1.570796  
 0.299203    1.570796  
 0.048139    1.570796  
 0.205002   -1.570796  
 0.444812   -1.570796  
 0.656489   -1.570796  
 0.826046   -1.570796  
